1 1000
0.163358 0.510908
0.166656 0.511722
0.169896 0.512443
0.173079 0.513069
0.176207 0.513603
0.179281 0.514043
0.182303 0.514391
0.185275 0.514646
0.188198 0.514809
0.191078 0.514877
0.193917 0.514851
0.196720 0.514728
0.199496 0.514506
0.202274 0.514167
0.205705 0.515227
0.209117 0.516222
0.212515 0.517156
0.215989 0.518027
0.219439 0.518833
0.222866 0.519573
0.226272 0.520242
0.229660 0.520840
0.233029 0.521365
0.236173 0.523794
0.239277 0.526267
0.242340 0.528791
0.245362 0.531368
0.248341 0.534003
0.251276 0.536699
0.255968 0.537362
0.260578 0.537901
0.265106 0.538313
0.269552 0.538595
0.273918 0.538746
0.278204 0.538767
0.282411 0.538661
0.286541 0.538431
0.290609 0.538083
0.294606 0.537621
0.298533 0.537051
0.302395 0.536215
0.305714 0.536090
0.309011 0.535897
0.312289 0.535633
0.315549 0.535298
0.318793 0.534892
0.322020 0.534416
0.325232 0.533870
0.328429 0.533257
0.331611 0.532578
0.334779 0.531837
0.337937 0.531035
0.341087 0.530177
0.344230 0.529266
0.347367 0.528305
0.350499 0.527299
0.354030 0.529982
0.357526 0.532584
0.360988 0.535104
0.364413 0.537543
0.367801 0.539901
0.371154 0.542177
0.374469 0.544372
0.377748 0.546486
0.380989 0.548519
0.384194 0.550471
0.387240 0.548703
0.390381 0.550457
0.393449 0.548588
0.396532 0.550142
0.399650 0.548159
0.402695 0.549510
0.406006 0.547725
0.409162 0.548580
0.412200 0.549274
0.415131 0.549828
0.417965 0.550255
0.419453 0.549272
0.422162 0.549517
0.424788 0.549657
0.427334 0.549695
0.429805 0.549637
0.432203 0.549487
0.434535 0.549250
0.436802 0.548929
0.439009 0.548529
0.441159 0.548053
0.443256 0.547505
0.445304 0.546888
0.447304 0.546206
0.449268 0.545467
0.451205 0.544682
0.455187 0.545529
0.459121 0.546331
0.463009 0.547089
0.466851 0.547803
0.470648 0.548478
0.474403 0.549113
0.478115 0.549713
0.481786 0.550278
0.483146 0.549740
0.486763 0.550265
0.488049 0.549779
0.491613 0.550265
0.492828 0.549831
0.496341 0.550279
0.499386 0.548863
0.503784 0.549256
0.506231 0.549289
0.508701 0.549323
0.511195 0.549361
0.513713 0.549405
0.516255 0.549456
0.518821 0.549515
0.521410 0.549583
0.524022 0.549661
0.526658 0.549749
0.529318 0.549849
0.532000 0.549960
0.534706 0.550083
0.538014 0.547495
0.540790 0.547632
0.543591 0.547780
0.546416 0.547941
0.549265 0.548114
0.552139 0.548299
0.556032 0.548560
0.559889 0.548699
0.563710 0.548718
0.567490 0.548616
0.571230 0.548395
0.574927 0.548057
0.578581 0.547604
0.582191 0.547038
0.585756 0.546364
0.589276 0.545584
0.592752 0.544702
0.596184 0.543723
0.599575 0.542651
0.602926 0.541489
0.606746 0.541536
0.610519 0.541587
0.614252 0.541652
0.617948 0.541736
0.621607 0.541841
0.625230 0.541968
0.628818 0.542119
0.632371 0.542293
0.635890 0.542399
0.639376 0.542526
0.642827 0.542674
0.646245 0.542845
0.649634 0.543038
0.652996 0.543254
0.656968 0.543552
0.660939 0.543843
0.664913 0.544123
0.668889 0.544392
0.672868 0.544651
0.676851 0.544899
0.680837 0.545135
0.684828 0.545359
0.688822 0.545572
0.692821 0.545773
0.696825 0.545962
0.700834 0.546139
0.704550 0.546272
0.708120 0.546406
0.711653 0.546519
0.715217 0.546582
0.718745 0.546626
0.722240 0.546652
0.725702 0.546659
0.729132 0.546649
0.732530 0.546622
0.735898 0.546578
0.739235 0.546517
0.742542 0.546441
0.745820 0.546349
0.749068 0.546242
0.752262 0.546176
0.753778 0.550186
0.756955 0.549996
0.758311 0.553956
0.761375 0.553759
0.764445 0.553557
0.767521 0.553350
0.770553 0.553141
0.773643 0.552926
0.776742 0.552708
0.779850 0.552487
0.782969 0.552263
0.786100 0.552036
0.789247 0.551806
0.792412 0.551574
0.795445 0.551341
0.798668 0.551101
0.801962 0.550849
0.804157 0.548109
0.803522 0.549700
0.802815 0.551334
0.804955 0.548578
0.804317 0.550147
0.806440 0.547340
0.805877 0.548839
0.805245 0.550378
0.807326 0.547551
0.806770 0.549022
0.806147 0.550532
0.808192 0.547684
0.807645 0.549126
0.807034 0.550607
0.809034 0.547737
0.808500 0.549151
0.807902 0.550602
0.809873 0.547710
0.809354 0.549093
0.808772 0.550514
0.810708 0.547599
0.810207 0.548952
0.809645 0.550340
0.811555 0.547402
0.811076 0.548721
0.810538 0.550076
0.812420 0.547113
0.811966 0.548398
0.811454 0.549717
0.810884 0.551071
0.812726 0.548110
0.812238 0.549398
0.811693 0.550721
0.813507 0.547736
0.813047 0.548991
0.812530 0.550279
0.814331 0.547269
0.813902 0.548488
0.813419 0.549740
0.812879 0.551026
0.814645 0.548014
0.814192 0.549233
0.813684 0.550485
0.815432 0.547447
0.815014 0.548631
0.814543 0.549845
0.814017 0.551092
0.815737 0.548053
0.815300 0.549234
0.814810 0.550446
0.816515 0.547380
0.816117 0.548524
0.815668 0.549698
0.815165 0.550904
0.816845 0.547834
0.816435 0.548973
0.815973 0.550142
0.817640 0.547043
0.817273 0.548143
0.816857 0.549271
0.816390 0.550429
0.818030 0.547323
0.817659 0.548413
0.817238 0.549531
0.816767 0.550679
0.818384 0.547567
0.818008 0.548648
0.817584 0.549756
0.817110 0.550895
0.818714 0.547777
0.818335 0.548849
0.817908 0.549949
0.817431 0.551079
0.819009 0.547954
0.818628 0.549018
0.818199 0.550110
0.819781 0.546955
0.819451 0.547979
0.819076 0.549028
0.818653 0.550104
0.820217 0.546938
0.819894 0.547946
0.819528 0.548978
0.819114 0.550038
0.820661 0.546860
0.820349 0.547851
0.819992 0.548866
0.819591 0.549908
0.819141 0.550978
0.820664 0.547809
0.820315 0.548813
0.819920 0.549843
0.819479 0.550901
0.820983 0.547722
0.820642 0.548714
0.820256 0.549731
0.819824 0.550775
0.821319 0.547587
0.820988 0.548564
0.820614 0.549567
0.820194 0.550597
0.821680 0.547397
0.821362 0.548360
0.821002 0.549346
0.820597 0.550359
0.822078 0.547147
0.821777 0.548092
0.821433 0.549060
0.821046 0.550054
0.822517 0.546827
0.822235 0.547752
0.821913 0.548700
0.821547 0.549672
0.821138 0.550670
0.822590 0.547448
0.822285 0.548378
0.821938 0.549333
0.821548 0.550312
0.822996 0.547076
0.822712 0.547987
0.822387 0.548921
0.822020 0.549879
0.821609 0.550864
0.823039 0.547632
0.822734 0.548549
0.822387 0.549490
0.821997 0.550456
0.823425 0.547210
0.823143 0.548108
0.822820 0.549028
0.822455 0.549973
0.822048 0.550943
0.823458 0.547701
0.823156 0.548605
0.822814 0.549531
0.822429 0.550483
0.823836 0.547226
0.823559 0.548110
0.823242 0.549016
0.822885 0.549945
0.822485 0.550900
0.823880 0.547646
0.823586 0.548534
0.823253 0.549445
0.822879 0.550380
0.824271 0.547111
0.824005 0.547978
0.823700 0.548866
0.823356 0.549777
0.822970 0.550713
0.824350 0.547445
0.824072 0.548313
0.823755 0.549204
0.823398 0.550118
0.824774 0.546833
0.824528 0.547678
0.824243 0.548544
0.823920 0.549431
0.823556 0.550342
0.824925 0.547056
0.824672 0.547899
0.824381 0.548763
0.824051 0.549648
0.823681 0.550558
0.825042 0.547271
0.824782 0.548112
0.824484 0.548975
0.824147 0.549860
0.823770 0.550769
0.825117 0.547482
0.824850 0.548324
0.824545 0.549187
0.824200 0.550073
0.825546 0.546768
0.825314 0.547585
0.825046 0.548421
0.824740 0.549279
0.824395 0.550159
0.825732 0.546850
0.825499 0.547661
0.825231 0.548492
0.824925 0.549344
0.824580 0.550219
0.825908 0.546906
0.825676 0.547712
0.825408 0.548537
0.825103 0.549383
0.824759 0.550252
0.826080 0.546935
0.825850 0.547735
0.825583 0.548555
0.825280 0.549395
0.824939 0.550258
0.826250 0.546937
0.826022 0.547731
0.825759 0.548544
0.825458 0.549379
0.825120 0.550235
0.826427 0.546908
0.826203 0.547696
0.825944 0.548503
0.825648 0.549330
0.825315 0.550178
0.826614 0.546847
0.826396 0.547627
0.826142 0.548426
0.825853 0.549245
0.825526 0.550085
0.826821 0.546747
0.826610 0.547519
0.826364 0.548308
0.826083 0.549118
0.825764 0.549948
0.825408 0.550802
0.826691 0.547474
0.826448 0.548260
0.826170 0.549066
0.825855 0.549893
0.825503 0.550742
0.826790 0.547411
0.826552 0.548193
0.826278 0.548994
0.825967 0.549816
0.825620 0.550661
0.826898 0.547326
0.826664 0.548103
0.826395 0.548899
0.826091 0.549716
0.825749 0.550554
0.827029 0.547215
0.826802 0.547986
0.826540 0.548776
0.826243 0.549585
0.825908 0.550417
0.827184 0.547073
0.826965 0.547836
0.826712 0.548618
0.826424 0.549419
0.826099 0.550242
0.827367 0.546891
0.827158 0.547645
0.826916 0.548417
0.826638 0.549209
0.826325 0.550021
0.827590 0.546663
0.827393 0.547406
0.827164 0.548166
0.826900 0.548946
0.826602 0.549745
0.826266 0.550566
0.827526 0.547214
0.827307 0.547967
0.827054 0.548739
0.826766 0.549530
0.826441 0.550342
0.827694 0.546984
0.827487 0.547728
0.827246 0.548490
0.826971 0.549270
0.826660 0.550072
0.827911 0.546705
0.827717 0.547438
0.827492 0.548187
0.827233 0.548955
0.826938 0.549743
0.826608 0.550552
0.827850 0.547192
0.827636 0.547933
0.827389 0.548692
0.827108 0.549471
0.826792 0.550270
0.828032 0.546903
0.827833 0.547633
0.827602 0.548382
0.827336 0.549148
0.827036 0.549935
0.826699 0.550744
0.827926 0.547383
0.827706 0.548124
0.827452 0.548884
0.827165 0.549663
0.826841 0.550463
0.828071 0.547096
0.827865 0.547828
0.827626 0.548578
0.827353 0.549347
0.827045 0.550135
0.828279 0.546760
0.828089 0.547480
0.827868 0.548217
0.827613 0.548972
0.827324 0.549747
0.826999 0.550543
0.828231 0.547172
0.828024 0.547900
0.827785 0.548645
0.827511 0.549409
0.827203 0.550193
0.828430 0.546814
0.828240 0.547530
0.828019 0.548262
0.827765 0.549013
0.827476 0.549783
0.827153 0.550573
0.828378 0.547200
0.828172 0.547922
0.827934 0.548663
0.827662 0.549422
0.827356 0.550201
0.828575 0.546818
0.828387 0.547529
0.828168 0.548256
0.827916 0.549001
0.827631 0.549765
0.827310 0.550550
0.828525 0.547172
0.828322 0.547890
0.828087 0.548624
0.827820 0.549377
0.827517 0.550150
0.828731 0.546763
0.828548 0.547467
0.828334 0.548188
0.828088 0.548926
0.827808 0.549683
0.827493 0.550461
0.828702 0.547078
0.828506 0.547787
0.828279 0.548514
0.828018 0.549259
0.827724 0.550023
0.828934 0.546629
0.828759 0.547325
0.828554 0.548036
0.828317 0.548764
0.828047 0.549511
0.827743 0.550278
0.828947 0.546886
0.828762 0.547584
0.828547 0.548299
0.828299 0.549031
0.828018 0.549783
0.827703 0.550554
0.828902 0.547166
0.828705 0.547870
0.828477 0.548591
0.828217 0.549330
0.827922 0.550088
0.829123 0.546690
0.828949 0.547380
0.828745 0.548085
0.828509 0.548807
0.828240 0.549548
0.827937 0.550309
0.829136 0.546912
0.828953 0.547605
0.828739 0.548313
0.828494 0.549038
0.828216 0.549783
0.827903 0.550548
0.829095 0.547155
0.828901 0.547852
0.828677 0.548565
0.828421 0.549296
0.828131 0.550047
0.829325 0.546644
0.829156 0.547325
0.828957 0.548022
0.828727 0.548736
0.828464 0.549468
0.828168 0.550220
0.829356 0.546817
0.829181 0.547500
0.828975 0.548199
0.828738 0.548915
0.828468 0.549649
0.828165 0.550403
0.829345 0.547002
0.829162 0.547688
0.828948 0.548390
0.828703 0.549109
0.828425 0.549847
0.828113 0.550605
0.829295 0.547208
0.829103 0.547898
0.828880 0.548606
0.828625 0.549330
0.828337 0.550074
0.829522 0.546666
0.829355 0.547341
0.829158 0.548031
0.828931 0.548738
0.828671 0.549463
0.828378 0.550207
0.829559 0.546799
0.829387 0.547475
0.829185 0.548166
0.828953 0.548873
0.828688 0.549599
0.828390 0.550345
0.829567 0.546938
0.829390 0.547615
0.829182 0.548308
0.828944 0.549018
0.828673 0.549746
0.828369 0.550494
0.829543 0.547089
0.829360 0.547769
0.829146 0.548466
0.828901 0.549179
0.828623 0.549911
0.828311 0.550663
0.829484 0.547261
0.829293 0.547946
0.829071 0.548647
0.828817 0.549366
0.828530 0.550103
0.829707 0.546690
0.829542 0.547359
0.829347 0.548043
0.829122 0.548744
0.828865 0.549462
0.828575 0.550199
0.829748 0.546786
0.829580 0.547455
0.829382 0.548139
0.829154 0.548839
0.828893 0.549558
0.828600 0.550295
0.829770 0.546882
0.829598 0.547552
0.829396 0.548236
0.829164 0.548938
0.828900 0.549657
0.828603 0.550396
0.829770 0.546984
0.829594 0.547655
0.829389 0.548341
0.829152 0.549044
0.828884 0.549766
0.828582 0.550506
0.829747 0.547096
0.829567 0.547769
0.829356 0.548458
0.829114 0.549164
0.828840 0.549888
0.828533 0.550633
0.829704 0.547225
0.829517 0.547901
0.829300 0.548594
0.829052 0.549304
0.828772 0.550032
0.829940 0.546612
0.829782 0.547272
0.829595 0.547946
0.829377 0.548636
0.829129 0.549344
0.828848 0.550070
0.830012 0.546649
0.829853 0.547307
0.829665 0.547979
0.829448 0.548667
0.829199 0.549373
0.828918 0.550097
0.830080 0.546674
0.829922 0.547330
0.829734 0.548000
0.829516 0.548686
0.829268 0.549390
0.828987 0.550112
0.830146 0.546687
0.829987 0.547341
0.829800 0.548009
0.829584 0.548693
0.829336 0.549394
0.829056 0.550114
0.830210 0.546688
0.830053 0.547339
0.829867 0.548004
0.829652 0.548686
0.829405 0.549385
0.829127 0.550102
0.830279 0.546674
0.830123 0.547322
0.829939 0.547985
0.829725 0.548664
0.829481 0.549360
0.829204 0.550074
0.830355 0.546644
0.830202 0.547289
0.830020 0.547949
0.829809 0.548624
0.829568 0.549317
0.829294 0.550027
0.830443 0.546594
0.830293 0.547236
0.830115 0.547891
0.829907 0.548563
0.829670 0.549251
0.829401 0.549957
0.829099 0.550682
0.830247 0.547260
0.830067 0.547918
0.829858 0.548591
0.829619 0.549281
0.829348 0.549990
0.829044 0.550717
0.830187 0.547298
0.830005 0.547958
0.829793 0.548634
0.829551 0.549327
0.829277 0.550038
0.830425 0.546606
0.830275 0.547248
0.830096 0.547905
0.829888 0.548577
0.829649 0.549266
0.829379 0.549973
0.829076 0.550699
0.830219 0.547278
0.830038 0.547937
0.829827 0.548612
0.829586 0.549303
0.829314 0.550013
0.830462 0.546579
0.830313 0.547220
0.830136 0.547875
0.829929 0.548545
0.829693 0.549232
0.829425 0.549937
0.829124 0.550661
0.830259 0.547239
0.830080 0.547896
0.829872 0.548568
0.829634 0.549258
0.829364 0.549965
0.829061 0.550692
0.830204 0.547271
0.830023 0.547931
0.829813 0.548606
0.829572 0.549298
0.829300 0.550008
0.830448 0.546574
0.830299 0.547216
0.830122 0.547871
0.829916 0.548542
0.829679 0.549229
0.829411 0.549934
0.829110 0.550659
0.830252 0.547237
0.830073 0.547894
0.829865 0.548567
0.829626 0.549256
0.829356 0.549964
0.829054 0.550691
0.830197 0.547271
0.830016 0.547930
0.829806 0.548606
0.829565 0.549298
0.829292 0.550008
0.830441 0.546575
0.830292 0.547216
0.830115 0.547872
0.829908 0.548543
0.829671 0.549231
0.829403 0.549936
0.829102 0.550661
0.830244 0.547239
0.830065 0.547897
0.829857 0.548570
0.829618 0.549260
0.829348 0.549968
0.829045 0.550695
0.830181 0.547275
0.830000 0.547935
0.829789 0.548611
0.829548 0.549304
0.829275 0.550015
0.830424 0.546583
0.830274 0.547225
0.830096 0.547881
0.829889 0.548553
0.829652 0.549241
0.829383 0.549948
0.829081 0.550673
0.830230 0.547252
0.830050 0.547911
0.829841 0.548584
0.829602 0.549275
0.829331 0.549984
0.829027 0.550712
0.830164 0.547292
0.829981 0.547953
0.829769 0.548630
0.829527 0.549324
0.829253 0.550036
0.830402 0.546604
0.830251 0.547247
0.830072 0.547905
0.829864 0.548578
0.829625 0.549267
0.829354 0.549975
0.829051 0.550702
0.830194 0.547282
0.830013 0.547942
0.829802 0.548618
0.829560 0.549310
0.829287 0.550021
0.830436 0.546588
0.830286 0.547230
0.830108 0.547886
0.829901 0.548557
0.829663 0.549245
0.829394 0.549952
0.829093 0.550677
0.830235 0.547256
0.830055 0.547914
0.829846 0.548587
0.829606 0.549278
0.829335 0.549986
0.829031 0.550715
0.830174 0.547295
0.829992 0.547956
0.829780 0.548632
0.829538 0.549326
0.829264 0.550038
0.830413 0.546605
0.830262 0.547248
0.830083 0.547905
0.829874 0.548578
0.829636 0.549267
0.829365 0.549975
0.829062 0.550701
0.830205 0.547281
0.830024 0.547940
0.829813 0.548616
0.829572 0.549308
0.829299 0.550018
0.830447 0.546585
0.830298 0.547226
0.830120 0.547881
0.829913 0.548552
0.829676 0.549240
0.829407 0.549945
0.829106 0.550670
0.830248 0.547249
0.830069 0.547906
0.829860 0.548579
0.829621 0.549269
0.829350 0.549977
0.829047 0.550704
0.830190 0.547284
0.830009 0.547945
0.829797 0.548620
0.829556 0.549313
0.829282 0.550024
0.830431 0.546591
0.830281 0.547233
0.830103 0.547889
0.829896 0.548561
0.829658 0.549249
0.829389 0.549956
0.829087 0.550681
0.830229 0.547260
0.830049 0.547918
0.829840 0.548592
0.829600 0.549283
0.829328 0.549992
0.829024 0.550720
0.830168 0.547301
0.829985 0.547962
0.829773 0.548639
0.829530 0.549333
0.829256 0.550045
0.830405 0.546613
0.830254 0.547256
0.830074 0.547914
0.829866 0.548587
0.829626 0.549276
0.829355 0.549984
0.829052 0.550712
0.830195 0.547291
0.830013 0.547952
0.829802 0.548627
0.829560 0.549320
0.829286 0.550031
0.830435 0.546598
0.830285 0.547240
0.830106 0.547896
0.829899 0.548568
0.829661 0.549256
0.829391 0.549962
0.829089 0.550688
0.830238 0.547267
0.830058 0.547925
0.829848 0.548599
0.829608 0.549289
0.829336 0.549998
0.829032 0.550726
0.830175 0.547307
0.829992 0.547968
0.829780 0.548644
0.829537 0.549338
0.829263 0.550050
0.830412 0.546618
0.830260 0.547261
0.830081 0.547918
0.829872 0.548591
0.829633 0.549281
0.829362 0.549988
0.829058 0.550715
0.830194 0.547295
0.830012 0.547955
0.829800 0.548631
0.829558 0.549324
0.829284 0.550035
0.830433 0.546602
0.830282 0.547244
0.830104 0.547900
0.829896 0.548572
0.829657 0.549261
0.829388 0.549967
0.829085 0.550693
0.830227 0.547272
0.830047 0.547931
0.829837 0.548605
0.829597 0.549296
0.829324 0.550005
0.830472 0.546571
0.830324 0.547211
0.830147 0.547866
0.829941 0.548536
0.829705 0.549222
0.829438 0.549926
0.829138 0.550650
0.830279 0.547227
0.830101 0.547883
0.829893 0.548555
0.829656 0.549243
0.829387 0.549950
0.829085 0.550675
0.830228 0.547254
0.830048 0.547912
0.829838 0.548586
0.829599 0.549277
0.829328 0.549986
0.829024 0.550714
0.830167 0.547295
0.829985 0.547956
0.829773 0.548633
0.829531 0.549326
0.829256 0.550038
0.830406 0.546606
0.830255 0.547249
0.830076 0.547907
0.829867 0.548579
0.829628 0.549269
0.829358 0.549977
0.829055 0.550704
0.830198 0.547284
0.830016 0.547943
0.829805 0.548619
0.829564 0.549311
0.829291 0.550022
0.830439 0.546589
0.830290 0.547230
0.830112 0.547886
0.829904 0.548558
0.829667 0.549246
0.829398 0.549952
0.829096 0.550677
0.830245 0.547255
0.830065 0.547913
0.829856 0.548586
0.829617 0.549276
0.829346 0.549985
0.829042 0.550712
0.830186 0.547293
0.830004 0.547953
0.829792 0.548629
0.829550 0.549322
0.829276 0.550033
0.830425 0.546601
0.830275 0.547243
0.830096 0.547899
0.829888 0.548571
0.829650 0.549260
0.829380 0.549967
0.829077 0.550693
0.830220 0.547272
0.830039 0.547931
0.829829 0.548606
0.829588 0.549297
0.829316 0.550006
0.830464 0.546573
0.830315 0.547213
0.830139 0.547868
0.829933 0.548538
0.829696 0.549225
0.829429 0.549929
0.829128 0.550653
0.830276 0.547231
